6
1000000000 1000000000 1000000000 1000000000 1000000000 1000000000
3
1 2 3
10
2 5 -2 2 -3 -2 3 5 -5 -2
5
1 2 3 0 3
9 
0 0 0 0 0 0 0 0 0
3454

3454
3119 3515 1021 7

5 5 3 2
5
1 2
2 1
5 10
10 9
19 1
5
1 2
2 1
5 10
10 9
19 1



5
1 2 3 0 3
8
10 -20 5 -3 -6 -7 8 15 
2

BACFAB
ABABAB
ABKJHGBA
BACFAB
2
1 2
1 2 3
9
1 2 1 3 2 2 2 2 3

30
6 1 5 4 4 4 5 1 8 1 5 1 9 9 8 7 3 10 4 8 6 8 3 3 10 10 2 1 6 7

1   5 = 5          5    5       5
2   1 = 2               
3   3 = 9                       9
4   4 = 16         16   16
5   3 = 15                      15
6   3 = 18         18   18
7   2 = 14                      14
8   4 = 32              32
9   5 = 45         45           45
10  3 = 30              30      



REMOVE MAX -> IF MAX_COUNT*ARR[MAX] > MAX_COUNT  
                30 , 45 = 15 -> 32 , 14 -> 18 - 15 -> 16 - 9 -> 5 - 2 ===>>> 83 - 
                45 , 62 = 17 -> 


7
pwd
cd /home/vasya
pwd
cd ..
pwd
cd vasya/../petya
pwd





12
1 1 1 1 1 1 1 1 1 1 1 1
2
56 96 91 54
4
1 2 3 4 5 6 7 8 9 10 11 12 13 14 15 16 
1 2 3 4 5 6 7 8 9
4 25 24 12 22 5 25 12 41
1 2 3 4 5 6 7 8 9 10 11 12 13 14 15 16 17 18 19 20 21 22 23 24 25


6
0 1 0 0 0 0
1 0 1 0 0 1

4
5
1 2 3 4 5
4 5 6 7 8 9 10 11 1 2 3
335 359 383 392 422 437 448 465 468 479 492 501 539 605 668 704 706 717 719 725 727 772 812 828 870 895 896 903 913 943 962 963 996 36 146 154 170 282 293 300 323 334
4 5 6 7 8 9 10 11 1 2 3
               /            
0 1 2 3 4 5 6 7 8 9 10 

1 2 3 5 6 8 10 19 23 48
6

4-11 => 0,7
0 + 4 5 6 7 => 0, 3
2 + 6 7 => 2, 3
6 => 2, 2
0
    0 1 2
 0 [1,2,3]      [7,4,1]
 1 [4,5,6]  =>> []
 2 [7,8,9]      []


 0,0 -> 0,2
 2,0 -> 0,0
 1,0 -> 0,1

1

 0
 1

 −1 2 4 −3 5 2 −5 2
 -1 1 5  2 7 9  4 6

1 2 3 4 5
                / \
                \ /
                -----
360/7 90/7